SWAP
BA 00 10 01 11 *

AND
&A 00 00 01 11 *
A& 00 00 10 11 *
&B 00 01 00 11 *
B& 00 10 00 11 *

NAND
>B 00 01 10 01 *
<A 00 10 01 01 *
B> 00 10 01 10 *
A< 00 01 10 10 *

NAND/NAND
<> 00 10 01 00
>< 00 01 10 00

AND/OR
&| 00 01 01 11 *
|& 00 10 10 11 *

AND/NAND
&> 00 00 01 10 *
>& 00 00 10 01
&< 00 01 00 10
<& 00 10 00 01 *

AND/XOR
&^ 00 01 01 10 *
^& 00 10 10 01 *

DOUBLE AND
&& 00 00 00 11 *

BORING
0A 00 00 01 01
A0 00 00 10 10
B0 00 10 00 10
0B 00 01 00 01
00 00 00 00 00
0& 00 00 00 01
&0 00 00 00 10
0> 00 00 01 00
>0 00 00 10 00
0< 00 01 00 00
0^ 00 01 01 00
0| 00 01 01 01
<0 00 10 00 00
^0 00 10 10 00
|0 00 10 10 10
